PASAN Tester - Labo + TC 1.0.3; STC Performance
Pn 27 maja 2019;09:34
Operator;Manufacturer;Module type;Serial number;Module ID code
;AAA;;;
Cell area (cm²);Module area (cm²);Cells in parallel;Cells in series
153,60;11934,0;1;72
Reference cell;Calibration value (mV/kW/m²);Current range;Voltage range;Ref cell temp (°C)
MTP 1738-7;104,5;10,0;100,0;20,6
Filter name;Attenuation (%)
;100,0
Mean irradiance (kW/m²);Cell efficiency (%);Module efficiency (%);Fill factor (%)
1,000;16,6;15,4;70,1
Pmax;Module temperature (°C)
183,537;20,6
Module voltage
Voc;Vmp;Series resistance
49,109;37,405;1,5627
Module current
Isc;Imp;Shunt resistance
5,328;4,907;943,3
Observations

Number of samples;Total time[us]
100;4000,0
Time[us]; Umeas[V]; Imeas[V]; Irrad.[kW/m²]; Ucorr.[V]; Icorr.[A]; Pcorr.[W]
0,0;0,684;5,186;0,973;-0,100;5,334;-0,5312
40,0;0,732;5,210;0,976;-0,025;5,342;-0,1348
80,0;-1,855;5,688;0,979;-2,588;5,805;-15,0212
120,0;-2,832;7,588;0,980;-3,547;7,693;-27,2921
160,0;-2,783;7,803;0,983;-3,474;7,892;-27,4136
200,0;-2,588;6,382;0,985;-3,262;6,461;-21,0715
240,0;-2,100;4,922;0,986;-2,765;4,995;-13,8118
280,0;-1,416;5,273;0,987;-2,073;5,342;-11,0734
320,0;-0,781;5,278;0,988;-1,430;5,341;-7,6379
360,0;-0,244;5,283;0,989;-0,885;5,341;-4,7247
400,0;0,342;5,288;0,991;-0,282;5,335;-1,5057
440,0;1,025;5,293;0,991;0,401;5,340;2,1433
480,0;1,660;5,298;0,992;1,044;5,340;5,5764
520,0;2,246;5,293;0,993;1,638;5,329;8,7322
560,0;2,881;5,293;0,994;2,281;5,324;12,1468
600,0;3,467;5,298;0,994;2,867;5,329;15,2805
640,0;4,053;5,298;0,995;3,461;5,324;18,4285
680,0;4,834;5,298;0,996;4,251;5,319;22,6090
720,0;5,322;5,298;0,996;4,739;5,319;25,2060
760,0;5,957;5,298;0,996;5,374;5,319;28,5822
800,0;6,592;5,303;0,997;6,017;5,318;31,9996
840,0;7,178;5,303;0,997;6,603;5,318;35,1159
880,0;7,861;5,303;0,998;7,294;5,313;38,7568
920,0;8,398;5,303;0,998;7,832;5,313;41,6105
960,0;9,033;5,308;0,998;8,466;5,318;45,0245
1000,0;9,668;5,308;0,998;9,101;5,318;48,4002
1040,0;10,254;5,308;0,999;9,695;5,313;51,5091
1080,0;10,986;5,308;0,999;10,428;5,313;55,4004
1120,0;11,523;5,308;0,999;10,965;5,313;58,2540
1160,0;12,109;5,313;0,999;11,551;5,318;61,4234
1200,0;12,646;5,313;0,999;12,088;5,318;64,2796
1240,0;13,281;5,313;1,000;12,731;5,313;67,6323
1280,0;14,063;5,317;1,000;13,512;5,317;71,8488
1320,0;14,600;5,313;1,000;14,049;5,313;74,6362
1360,0;15,283;5,317;1,000;14,732;5,317;78,3398
1400,0;15,869;5,317;1,000;15,318;5,317;81,4555
1440,0;16,504;5,317;1,000;15,953;5,317;84,8309
1480,0;17,139;5,317;1,001;16,596;5,312;88,1635
1520,0;17,725;5,313;1,000;17,174;5,313;91,2381
1560,0;18,359;5,317;1,001;17,817;5,312;94,6482
1600,0;18,945;5,313;1,001;18,403;5,307;97,6711
1640,0;19,580;5,313;1,001;19,037;5,307;101,0400
1680,0;20,215;5,317;1,001;19,672;5,312;104,5051
1720,0;20,801;5,313;1,001;20,258;5,307;107,5189
1760,0;21,436;5,313;1,001;20,893;5,307;110,8878
1800,0;22,021;5,313;1,001;21,479;5,307;113,9977
1840,0;22,705;5,313;1,001;22,162;5,307;117,6258
1880,0;23,291;5,313;1,001;22,748;5,307;120,7356
1920,0;23,877;5,313;1,001;23,334;5,307;123,8454
1960,0;24,463;5,313;1,001;23,920;5,307;126,9553
2000,0;25,049;5,313;1,001;24,506;5,307;130,0651
2040,0;25,732;5,308;1,002;25,198;5,297;133,4831
2080,0;26,318;5,308;1,002;25,784;5,297;136,5870
2120,0;26,904;5,308;1,002;26,370;5,297;139,6910
2160,0;27,490;5,308;1,002;26,956;5,297;142,7949
2200,0;28,174;5,308;1,002;27,639;5,297;146,4162
2240,0;28,857;5,303;1,002;28,323;5,293;149,8992
2280,0;29,395;5,298;1,002;28,860;5,288;152,6009
2320,0;30,029;5,293;1,002;29,495;5,283;155,8133
2360,0;30,664;5,288;1,002;30,129;5,278;159,0195
2400,0;31,299;5,288;1,002;30,764;5,278;162,3697
2440,0;31,836;5,278;1,002;31,301;5,268;164,8988
2480,0;32,471;5,269;1,002;31,936;5,258;167,9310
2520,0;33,105;5,259;1,002;32,571;5,249;170,9507
2560,0;33,691;5,239;1,002;33,157;5,229;173,3784
2600,0;34,375;5,225;1,002;33,840;5,214;176,4573
2640,0;34,912;5,205;1,002;34,378;5,195;178,5865
2680,0;35,547;5,161;1,002;35,012;5,151;180,3454
2720,0;36,133;5,107;1,002;35,598;5,097;181,4515
2760,0;36,719;5,054;1,002;36,184;5,043;182,4947
2800,0;37,402;4,976;1,002;36,868;4,965;183,0621
2840,0;37,939;4,917;1,002;37,405;4,907;183,5374
2880,0;38,525;4,810;1,003;37,999;4,794;182,1745
2920,0;39,160;4,668;1,003;38,634;4,653;179,7471
2960,0;39,746;4,536;1,003;39,220;4,521;177,3027
3000,0;40,381;4,360;1,003;39,854;4,345;173,1667
3040,0;40,918;4,282;1,003;40,391;4,267;172,3449
3080,0;41,553;4,067;1,003;41,026;4,052;166,2391
3120,0;42,090;3,906;1,003;41,563;3,891;161,7183
3160,0;42,676;3,667;1,003;42,149;3,652;153,9136
3200,0;43,311;3,384;1,003;42,784;3,368;144,1150
3240,0;43,848;3,271;1,003;43,321;3,256;141,0590
3280,0;44,385;2,988;1,003;43,858;2,973;130,3871
3320,0;44,971;2,715;1,003;44,444;2,699;119,9764
3360,0;45,605;2,383;1,003;45,079;2,367;106,7223
3400,0;46,191;2,119;1,003;45,665;2,104;96,0690
3440,0;46,729;1,855;1,003;46,202;1,840;85,0168
3480,0;47,266;1,509;1,003;46,739;1,493;69,8016
3520,0;47,852;1,201;1,003;47,325;1,186;56,1187
3560,0;48,438;0,771;1,003;47,911;0,756;36,2268
3600,0;48,975;0,483;1,004;48,456;0,463;22,4307
3640,0;49,561;0,049;1,003;49,034;0,033;1,6412
3680,0;50,146;-0,332;1,003;49,620;-0,347;-17,2374
3720,0;50,439;-0,396;1,003;49,913;-0,411;-20,5075
3760,0;50,684;-0,400;1,003;50,157;-0,416;-20,8527
3800,0;50,879;-0,405;1,003;50,352;-0,421;-21,1797
3840,0;51,074;-0,415;1,003;50,548;-0,430;-21,7555
3880,0;51,221;-0,420;1,004;50,702;-0,440;-22,3298
3920,0;51,318;-0,425;1,003;50,792;-0,440;-22,3566
3960,0;51,465;-0,430;1,004;50,946;-0,450;-22,9349
